0   0   0   0   0   0   0   0   0   0   0   0   0   0   0   0   0   0   0   0   0   0   0   0   0   0   0   0   0   0   0   0   0   0   0   0   0   0   0   0   0   0   
0   0   0   0   0   0   0   0   0   0   0   0   0   0   0   0   0   0   0   0   0   0   0   0   0   0   0   0   0   0   0   0   0   0   0   0   0   0   0   0   0   0   
0   0   0   0   0   0   0   0   0   0   0   0   0   0   0   0   0   0   0   0   0   0   0   0   0   0   0   0   0   0   0   0   0   0   0   0   0   0   0   0   0   0   
0   0   0   0   0   0   0   0   0   0   0   0   0   0   0   0   0   0   0   0   0   0   0   0   0   0   0   0   0   0   0   0   0   0   0   0   0   0   0   0   0   0   
0   0   0   0   0   0   0   0   0   0   0   0   0   0   0   0   0   0   0   0   0   0   0   0   0   0   0   0   0   0   0   0   0   0   0   0   0   0   0   0   0   0   
0   0   0   0   0   0   0   0   0   0   0   0   0   0   0   0   0   0   0   0   0   0   0   0   0   0   0   0   0   0   0   0   0   0   0   0   0   0   0   0   0   0   
0   0   0   0   0   0   0   0   0   0   0   0   0   0   0   0   0   0   0   0   0   0   0   0   0   0   0   0   0   0   0   0   0   0   0   0   0   0   0   0   0   0   
0   0   0   0   0   0   0   0   0   0   0   0   0   0   0   0   0   0   0   0   0   0   0   0   3   4   0   0   0   0   0   0   0   0   0   0   0   0   0   0   0   0   
0   0   0   0   0   0   0   0   0   0   0   0   0   0   0   0   0   0   0   0   0   0   0   0   0   0   0   0   0   0   0   0   0   0   0   0   0   0   0   0   0   0   
0   0   0   0   0   0   0   0   0   0   0   0   0   0   0   0   0   0   0   0   0   0   0   0   0   0   0   0   0   0   0   0   0   0   0   0   0   0   0   0   0   0   
0   0   0   0   0   0   0   0   0   0   0   0   0   0   0   0   0   3   0   0   0   0   0   0   0   0   0   0   0   0   0   0   0   0   0   0   0   0   0   0   0   0   
0   0   0   0   0   0   0   0   0   0   0   0   0   0   0   0   0   3   8   0   0   0   0   0   0   0   0   0   0   0   0   0   0   0   0   0   0   0   0   0   0   0   
0   0   0   0   0   0   0   0   0   0   0   0   0   0   0   0   0   6   7   7   0   0   3   5   5   3   0   0   0   0   0   0   0   0   0   0   0   0   3   3   0   0   
0   0   0   0   0   3   0   0   0   0   0   0   0   0   0   0   5   6   9   9   0   0   0   0   0   0   0   0   0   0   0   0   0   0   0   0   0   0   0   0   0   0   
0   0   0   0   0   3   0   0   0   0   0   0   0   0   0   0   5   8   5   8   5   0   0   0   0   0   0   0   0   0   0   0   0   0   0   0   0   0   0   0   0   0   
0   0   0   7   6   0   0   0   0   0   0   0   0   0   0   0   3   11  7   6   0   0   0   0   0   0   0   0   0   0   0   0   0   0   0   0   0   0   0   0   0   0   
0   0   0   5   0   0   0   0   0   0   0   0   0   0   0   0   0   5   5   0   0   0   0   0   0   0   0   0   0   0   0   0   0   0   0   0   0   0   0   0   0   0   
0   0   0   0   0   0   0   0   0   0   0   0   0   0   0   0   0   0   5   3   0   0   0   0   0   0   3   5   0   0   0   0   0   0   0   0   0   0   0   0   0   0   
0   0   0   0   0   0   0   0   3   9   14  11  14  5   4   4   4   4   4   0   0   0   0   0   0   0   0   0   0   0   0   0   0   0   0   0   0   0   0   0   0   0   
0   0   0   0   0   0   0   4   10  17  23  21  23  22  19  20  17  18  15  3   0   0   0   0   0   0   0   0   3   0   4   6   5   11  7   0   0   0   0   0   0   0   
0   0   0   0   0   0   7   15  24  25  25  29  23  24  23  22  21  25  21  9   0   0   0   0   0   0   8   11  11  13  10  16  17  12  13  6   3   0   0   0   0   0   
0   0   0   0   0   0   19  20  27  23  27  26  30  32  26  23  29  26  30  21  0   0   0   0   0   6   11  13  15  15  20  21  23  21  19  22  19  17  6   0   0   0   
0   0   0   0   7   11  21  25  33  31  28  27  31  33  30  28  35  29  27  17  0   0   0   0   0   11  20  17  14  21  22  25  32  28  27  26  23  25  10  6   0   0   
3   3   0   6   16  17  21  22  31  29  37  28  27  37  33  29  30  34  28  20  0   0   0   0   0   7   14  19  26  22  18  24  21  20  25  26  27  19  19  9   0   0   
0   0   6   11  14  18  20  23  27  24  29  24  27  31  31  39  31  28  28  0   0   0   0   0   0   12  23  20  23  26  18  21  23  28  31  26  32  23  22  17  16  6   
0   0   9   18  20  15  21  21  24  27  29  29  24  28  29  32  33  32  19  0   0   0   0   0   0   9   17  19  21  21  16  27  24  26  26  32  26  27  21  20  16  11  
7   0   9   13  17  20  19  20  21  19  17  17  17  25  30  26  22  21  14  0   0   0   0   0   0   6   16  17  19  17  18  17  25  25  26  27  20  25  20  22  21  17  
0   7   6   14  16  21  21  19  21  16  11  10  16  14  16  19  22  11  0   0   0   0   0   0   0   0   6   16  19  16  16  17  16  22  23  24  25  25  22  17  18  16  
0   5   5   14  11  17  16  18  15  14  13  10  9   7   12  11  10  4   0   0   0   0   0   0   0   0   0   0   0   3   3   4   5   6   5   10  13  12  16  11  9   7   
0   4   5   11  12  13  12  11  15  11  11  7   4   3   4   5   3   0   0   0   0   0   0   0   0   0   0   0   0   0   0   0   0   0   3   6   9   10  20  6   4   3   
3   4   4   10  11  10  14  10  15  7   6   4   3   0   0   0   0   0   0   0   0   0   0   0   0   0   0   0   0   0   0   0   0   0   0   7   9   11  15  8   5   4   
6   5   4   10  10  8   9   15  14  4   5   3   0   0   0   0   0   0   0   0   0   0   0   0   0   0   0   0   0   0   0   0   0   0   3   5   7   6   12  8   9   5   
0   8   5   8   10  9   10  10  9   5   5   3   0   0   0   0   0   0   0   0   0   0   0   0   0   0   0   0   0   0   0   0   0   0   0   0   5   5   17  10  4   0   
0   3   4   4   7   8   11  9   8   10  3   0   0   0   0   0   0   0   0   0   0   0   0   0   0   0   0   0   0   0   0   0   0   0   0   4   7   7   16  9   6   0   
0   0   3   0   6   12  11  14  15  6   5   4   0   0   0   0   0   0   0   0   0   0   0   0   0   0   0   0   0   0   0   0   0   0   0   4   7   5   18  6   8   0   
0   3   3   0   7   10  11  11  10  7   4   0   0   0   0   0   0   0   0   0   0   0   0   0   0   0   0   0   0   0   0   0   0   0   0   0   5   9   19  13  7   0   
0   0   3   3   9   9   14  12  10  5   4   0   0   0   0   0   0   0   0   0   0   0   0   0   0   0   0   0   0   0   0   0   0   0   0   5   7   14  21  10  4   0   
0   0   0   4   9   11  11  9   10  9   10  4   0   0   0   0   0   0   0   0   0   0   0   0   0   0   0   0   0   0   0   0   0   0   0   4   6   5   25  14  3   0   
0   0   0   0   6   10  10  15  12  12  9   4   0   0   0   0   0   0   0   0   0   0   0   0   0   0   0   0   0   0   0   0   0   0   5   4   9   10  24  4   0   0   
0   0   0   0   0   9   10  14  12  12  8   5   0   0   0   0   0   0   0   0   0   0   0   0   0   0   0   0   0   0   0   0   0   0   4   4   10  14  22  6   0   0   
0   0   0   0   0   7   12  12  13  10  14  6   3   0   0   0   0   0   0   0   0   0   0   0   0   0   0   0   0   0   0   0   0   0   4   7   11  6   23  3   0   0   
0   0   0   0   0   4   9   12  17  12  15  13  4   0   0   0   0   0   0   0   0   0   0   0   0   0   0   0   0   0   0   0   0   4   11  8   12  9   21  0   0   0   
0   0   0   0   0   3   11  12  14  17  14  16  9   3   0   0   0   0   0   0   0   0   0   0   0   0   0   0   0   0   0   0   7   8   11  13  12  13  16  0   0   0   
0   0   0   0   0   0   7   11  18  20  18  17  12  6   0   0   0   0   0   0   0   0   0   0   0   0   0   0   0   0   0   0   9   11  14  11  7   14  15  0   0   0   
0   0   0   0   0   0   8   14  20  24  26  25  15  14  5   0   0   0   0   0   0   0   0   0   0   0   0   0   0   0   0   9   14  20  20  15  17  12  11  0   0   0   
0   0   0   0   0   0   13  17  25  27  30  40  30  22  6   0   0   0   0   0   0   0   0   0   0   0   3   3   0   0   11  15  29  20  20  15  17  12  4   0   0   0   
0   0   0   0   0   0   13  21  29  33  41  38  39  26  12  0   0   0   0   0   0   0   0   0   0   0   0   3   0   9   23  28  32  26  34  23  22  14  3   0   0   0   
0   0   0   0   0   0   19  28  41  45  47  53  44  41  21  0   0   0   0   0   0   0   0   0   0   0   0   0   0   11  24  35  40  37  35  27  27  11  3   0   0   0   
0   0   0   0   0   3   23  37  48  56  47  58  61  47  24  0   0   0   0   0   0   0   0   0   0   0   0   0   0   20  36  40  39  37  40  32  18  14  3   0   0   0   
0   0   0   0   0   3   27  36  48  54  55  69  53  51  32  0   0   0   0   0   0   0   0   0   0   0   0   0   4   29  41  48  49  48  41  34  25  9   0   0   0   0   
0   0   0   0   0   9   30  47  55  61  62  62  63  53  34  0   0   0   0   0   0   0   0   0   0   0   0   6   12  31  50  51  53  48  45  39  32  14  0   0   0   0   
0   0   0   0   0   10  28  40  57  62  55  64  69  48  31  5   0   0   0   0   0   0   0   0   0   0   0   0   9   25  44  52  46  53  44  47  31  15  0   0   0   0   
0   0   0   0   0   7   30  41  50  64  60  65  67  46  24  3   0   0   0   0   0   0   0   0   0   0   0   0   9   32  53  51  56  45  45  40  32  17  0   0   0   0   
0   0   0   0   0   5   24  39  50  56  63  61  51  45  14  0   0   0   0   0   0   0   0   0   0   0   0   0   10  31  38  47  51  48  48  47  24  9   0   0   0   0   
0   0   0   0   3   0   15  29  43  44  60  50  43  29  6   0   0   0   0   0   0   0   0   0   0   0   0   3   5   25  31  54  40  53  43  31  20  5   0   0   0   0   
0   0   0   0   3   0   0   15  31  38  45  45  35  9   0   0   0   0   0   0   0   0   0   0   0   0   0   3   3   8   30  34  52  37  35  25  14  0   0   0   0   0   
0   0   0   0   0   0   0   5   8   13  15  9   4   0   0   0   0   0   0   0   0   0   0   0   0   0   0   0   4   5   7   17  28  28  25  13  3   0   0   0   0   0   
0   0   0   0   0   0   0   0   0   0   0   0   0   0   0   0   0   0   0   0   0   0   0   0   0   0   0   0   4   5   3   0   6   5   0   0   0   0   0   0   0   0   
0   0   0   0   0   0   0   0   0   0   0   0   0   0   0   0   0   0   0   0   0   0   0   0   0   0   0   0   3   4   0   0   0   4   0   0   0   0   0   0   0   0   
0   0   0   0   0   0   0   0   0   0   0   0   0   0   0   0   0   0   0   0   0   0   0   0   0   0   0   0   4   0   0   0   0   0   0   0   0   0   0   0   0   0   
