0.22 34.00 
0.53 83.00 
0.44 53.00 
0.69 72.00 
0.03 40.00 
0.63 115.00 
0.59 34.00 
0.03 61.00 
0.72 106.00 
0.41 26.00 
0.03 189.00 
0.53 21.00 
0.56 113.00 
0.41 3.00 
0.03 59.00 
0.69 110.00 
0.38 153.00 
0.22 30.00 
0.41 104.00 
0.59 50.00 
0.00 50.00 
0.00 20.00 
0.03 45.00 
0.31 113.00 
0.19 82.00 
0.38 130.00 
0.03 76.00 
0.44 27.00 
0.41 79.00 
0.22 70.00 
0.03 92.00 
0.22 14.00 
0.56 33.00 
0.72 26.00 
0.72 42.00 
0.72 35.00 
0.72 109.00 
0.84 50.00 
0.75 48.00 
0.22 67.00 
0.00 36.00 
0.44 0.00 
0.59 41.00 
0.63 129.00 
0.31 156.00 
0.19 39.00 
0.53 141.00 
0.34 44.00 
0.53 50.00 
0.50 221.00 
0.34 152.00 
0.38 63.00 
0.47 102.00 
0.03 157.00 
0.00 0.00 
0.50 125.00 
0.38 118.00 
0.41 153.00 
0.03 147.00 
0.75 196.00 
0.56 154.00 
0.63 135.00 
0.34 130.00 
0.03 0.00 
0.56 273.00 
0.38 88.00 
0.59 101.00 
0.53 239.00 
0.41 83.00 
0.47 378.00 
0.53 39.00 
0.41 100.00 
0.41 51.00 
0.00 49.00 
0.63 43.00 
0.44 14.00 
0.78 26.00 
0.00 91.00 
0.75 70.00 
0.44 107.00 
0.03 163.00 
0.38 118.00 
0.41 110.00 
0.38 66.00 
0.34 92.00 
0.56 0.00 
0.34 23.00 
0.38 153.00 
0.22 43.00 
0.31 86.00 
0.38 0.00 
0.53 77.00 
0.69 11.00 
0.56 143.00 
0.50 282.00 
0.72 23.00 
0.31 198.00 
0.38 49.00 
0.41 59.00 
0.03 9.00 
0.03 6.00 
0.03 33.00 
0.03 0.00 
0.03 17.00 
0.03 0.00 
0.03 16.00 
0.03 54.00 
0.00 34.00 
0.63 15.00 
0.00 23.00 
34.00 
83.00 
53.00 
72.00 
40.00 
115.00 
34.00 
61.00 
106.00 
26.00 
189.00 
21.00 
113.00 
3.00 
59.00 
110.00 
153.00 
30.00 
104.00 
50.00 
50.00 
20.00 
45.00 
113.00 
82.00 
130.00 
76.00 
27.00 
79.00 
70.00 
92.00 
14.00 
33.00 
26.00 
42.00 
35.00 
109.00 
50.00 
48.00 
67.00 
36.00 
0.00 
41.00 
129.00 
156.00 
39.00 
141.00 
44.00 
50.00 
221.00 
152.00 
63.00 
102.00 
157.00 
0.00 
125.00 
118.00 
153.00 
147.00 
196.00 
154.00 
135.00 
130.00 
0.00 
273.00 
88.00 
101.00 
239.00 
83.00 
378.00 
39.00 
100.00 
51.00 
49.00 
43.00 
14.00 
26.00 
91.00 
70.00 
107.00 
163.00 
118.00 
110.00 
66.00 
92.00 
0.00 
23.00 
153.00 
43.00 
86.00 
0.00 
77.00 
11.00 
143.00 
282.00 
23.00 
198.00 
49.00 
59.00 
9.00 
6.00 
33.00 
0.00 
17.00 
0.00 
16.00 
54.00 
34.00 
15.00 
23.00 
34.00 
83.00 
53.00 
72.00 
40.00 
115.00 
34.00 
61.00 
106.00 
26.00 
189.00 
21.00 
113.00 
3.00 
59.00 
110.00 
153.00 
30.00 
104.00 
50.00 
50.00 
20.00 
45.00 
113.00 
82.00 
130.00 
76.00 
27.00 
79.00 
70.00 
92.00 
14.00 
33.00 
26.00 
42.00 
35.00 
109.00 
50.00 
48.00 
67.00 
36.00 
0.00 
41.00 
129.00 
156.00 
39.00 
141.00 
44.00 
50.00 
221.00 
152.00 
63.00 
102.00 
157.00 
0.00 
125.00 
118.00 
153.00 
147.00 
196.00 
154.00 
135.00 
130.00 
0.00 
273.00 
88.00 
101.00 
239.00 
83.00 
378.00 
39.00 
100.00 
51.00 
49.00 
43.00 
14.00 
26.00 
91.00 
70.00 
107.00 
163.00 
118.00 
110.00 
66.00 
92.00 
0.00 
23.00 
153.00 
43.00 
86.00 
0.00 
77.00 
11.00 
143.00 
282.00 
23.00 
198.00 
49.00 
59.00 
9.00 
6.00 
33.00 
0.00 
17.00 
0.00 
16.00 
54.00 
34.00 
15.00 
23.00 
34.00 
83.00 
53.00 
72.00 
40.00 
115.00 
34.00 
61.00 
106.00 
26.00 
189.00 
21.00 
113.00 
3.00 
59.00 
110.00 
153.00 
30.00 
104.00 
50.00 
50.00 
20.00 
45.00 
113.00 
82.00 
130.00 
76.00 
27.00 
79.00 
70.00 
92.00 
14.00 
33.00 
26.00 
42.00 
35.00 
109.00 
50.00 
48.00 
67.00 
36.00 
0.00 
41.00 
129.00 
156.00 
39.00 
141.00 
44.00 
50.00 
221.00 
152.00 
63.00 
102.00 
157.00 
0.00 
125.00 
118.00 
153.00 
147.00 
196.00 
154.00 
135.00 
130.00 
0.00 
273.00 
88.00 
101.00 
239.00 
83.00 
378.00 
39.00 
100.00 
51.00 
49.00 
43.00 
14.00 
26.00 
91.00 
70.00 
107.00 
163.00 
118.00 
110.00 
66.00 
92.00 
0.00 
23.00 
153.00 
43.00 
86.00 
0.00 
77.00 
11.00 
143.00 
282.00 
23.00 
198.00 
49.00 
59.00 
9.00 
6.00 
33.00 
0.00 
17.00 
0.00 
16.00 
54.00 
34.00 
15.00 
23.00 
34.00 
83.00 
53.00 
72.00 
40.00 
115.00 
34.00 
61.00 
106.00 
26.00 
189.00 
21.00 
113.00 
3.00 
59.00 
110.00 
153.00 
30.00 
104.00 
50.00 
50.00 
20.00 
45.00 
113.00 
82.00 
130.00 
76.00 
27.00 
79.00 
70.00 
92.00 
14.00 
33.00 
26.00 
42.00 
35.00 
109.00 
50.00 
48.00 
67.00 
36.00 
0.00 
41.00 
129.00 
156.00 
39.00 
141.00 
44.00 
50.00 
221.00 
152.00 
63.00 
102.00 
157.00 
0.00 
125.00 
118.00 
153.00 
147.00 
196.00 
154.00 
135.00 
130.00 
0.00 
273.00 
88.00 
101.00 
239.00 
83.00 
378.00 
39.00 
100.00 
51.00 
49.00 
43.00 
14.00 
26.00 
91.00 
70.00 
107.00 
163.00 
118.00 
110.00 
66.00 
92.00 
0.00 
23.00 
153.00 
43.00 
86.00 
0.00 
77.00 
11.00 
143.00 
282.00 
23.00 
198.00 
49.00 
59.00 
9.00 
6.00 
33.00 
0.00 
17.00 
0.00 
16.00 
54.00 
34.00 
15.00 
23.00 
34.00 
83.00 
53.00 
72.00 
40.00 
115.00 
34.00 
61.00 
106.00 
26.00 
189.00 
21.00 
113.00 
3.00 
59.00 
110.00 
153.00 
30.00 
104.00 
50.00 
50.00 
20.00 
45.00 
113.00 
82.00 
130.00 
76.00 
27.00 
79.00 
70.00 
92.00 
14.00 
33.00 
26.00 
42.00 
35.00 
109.00 
50.00 
48.00 
67.00 
36.00 
0.00 
41.00 
129.00 
156.00 
39.00 
141.00 
44.00 
50.00 
221.00 
152.00 
63.00 
102.00 
157.00 
0.00 
125.00 
118.00 
153.00 
147.00 
196.00 
154.00 
135.00 
130.00 
0.00 
273.00 
88.00 
101.00 
239.00 
83.00 
378.00 
39.00 
100.00 
51.00 
49.00 
43.00 
14.00 
26.00 
91.00 
70.00 
107.00 
163.00 
118.00 
110.00 
66.00 
92.00 
0.00 
23.00 
153.00 
43.00 
86.00 
0.00 
77.00 
11.00 
143.00 
282.00 
23.00 
198.00 
49.00 
59.00 
9.00 
6.00 
33.00 
0.00 
17.00 
0.00 
16.00 
54.00 
34.00 
15.00 
23.00 
34.00 
83.00 
53.00 
72.00 
40.00 
115.00 
34.00 
61.00 
106.00 
26.00 
189.00 
21.00 
113.00 
3.00 
59.00 
110.00 
153.00 
30.00 
104.00 
50.00 
50.00 
20.00 
45.00 
113.00 
82.00 
130.00 
76.00 
27.00 
79.00 
70.00 
92.00 
14.00 
33.00 
26.00 
42.00 
35.00 
109.00 
50.00 
48.00 
67.00 
36.00 
0.00 
41.00 
129.00 
156.00 
39.00 
141.00 
44.00 
50.00 
221.00 
152.00 
63.00 
102.00 
157.00 
0.00 
125.00 
118.00 
153.00 
147.00 
196.00 
154.00 
135.00 
130.00 
0.00 
273.00 
88.00 
101.00 
239.00 
83.00 
378.00 
39.00 
100.00 
51.00 
49.00 
43.00 
14.00 
26.00 
91.00 
70.00 
107.00 
163.00 
118.00 
110.00 
66.00 
92.00 
0.00 
23.00 
153.00 
43.00 
86.00 
0.00 
77.00 
11.00 
143.00 
282.00 
23.00 
198.00 
49.00 
59.00 
9.00 
6.00 
33.00 
0.00 
17.00 
0.00 
16.00 
54.00 
34.00 
15.00 
23.00 
