0.03 
0.44 
0.44 
0.41 
0.03 
0.53 
0.59 
0.03 
0.69 
0.41 
0.03 
0.53 
0.53 
0.41 
0.00 
0.69 
0.38 
0.22 
0.41 
0.59 
0.00 
0.00 
0.03 
0.31 
0.19 
0.38 
0.03 
0.38 
0.41 
0.22 
0.03 
0.03 
0.53 
0.72 
0.44 
0.72 
0.72 
0.84 
0.72 
0.22 
0.00 
0.38 
0.59 
0.56 
0.31 
0.19 
0.53 
0.34 
0.53 
0.50 
0.19 
0.38 
0.41 
0.03 
0.00 
0.50 
0.38 
0.41 
0.03 
0.03 
0.56 
0.41 
0.34 
0.03 
0.44 
0.38 
0.59 
0.53 
0.41 
0.47 
0.53 
0.41 
0.41 
0.00 
0.63 
0.44 
0.66 
0.00 
0.03 
0.44 
0.03 
0.38 
0.41 
0.38 
0.34 
0.56 
0.34 
0.38 
0.22 
0.31 
0.38 
0.53 
0.63 
0.53 
0.50 
0.66 
0.31 
0.03 
0.41 
0.03 
0.03 
0.03 
0.03 
0.03 
0.03 
0.03 
0.03 
0.00 
0.59 
0.00