0 0 19 151 90 98 203 108 144 263 77 108 85 193 106 58 86 77 32 0 216 0 10 12 28 8 4 54 0 6 20 0 0 6 6 4 0 0 0 0 0 87 0 0 0 0 0 0 0 0 0 0 1 0 0 2 0 0 0 0 0 0 20 0 0 0 0 0 0 0 0 0 0 0 0 0 0 0 0 0 0 0 0 0 52 0 0 0 0 0 0 0 0 0 0 0 0 0 0 0 0 0 0 0 0 8 0 0 0 0 0 0 0 0 0 0 0 0 0 0 0 0 0 0 0 0 58 0 0 0 0 0 0 0 0 0 0 0 0 0 0 0 0 0 0 0 0 0 0 0 0 0 0 0 0 0 0 0 0 0 0 0 0 0 0 0 0 0 0 98 0 0 0 0 0 0 0 0 0 0 0 0 0 0 0 0 0 0 0 0 113 0 0 0 0 0 0 22 0 0 2 0 0 0 0 0 0 0 0 0 0 868 0 0 0 0 0 0 0 0 3 0 13 0 0 159 0 0 15 0 0 0 334 0 0 3 0 61 0 141 0 20 0 74 0 55 61 36 21 2 0 0 0 0 0 
0 0 28 144 73 65 209 107 138 249 78 85 66 120 66 10 57 24 8 0 118 0 4 12 22 8 0 44 0 4 18 0 0 2 0 2 0 0 0 0 0 53 0 0 0 0 0 0 0 0 0 0 2 0 0 4 0 0 0 0 0 0 18 0 0 0 0 0 0 2 0 0 0 0 0 0 0 0 0 0 0 0 0 0 46 0 0 0 0 0 0 0 0 0 0 0 0 0 0 0 0 0 0 0 0 2 0 0 0 0 0 0 0 0 0 0 0 0 0 0 0 0 0 0 0 0 45 0 0 0 0 0 0 0 0 0 0 0 0 0 0 0 0 0 0 0 0 0 0 0 0 0 0 0 0 0 0 0 0 0 0 0 0 0 0 0 0 0 0 51 0 0 0 0 0 0 0 0 0 0 0 0 0 0 0 0 0 0 0 0 51 0 0 0 0 0 0 43 0 0 12 0 0 2 0 0 0 0 0 0 0 517 0 0 0 0 0 0 0 0 11 0 18 0 0 117 0 0 16 0 0 0 198 0 0 5 0 61 0 126 0 6 0 74 0 51 61 45 19 0 0 0 0 0 0 
0 0 15 190 52 60 187 123 122 230 84 77 64 86 74 10 48 32 4 0 116 4 10 10 14 12 2 41 0 4 32 0 0 8 8 0 0 0 0 0 0 61 0 0 0 0 0 0 0 0 0 0 0 0 0 8 0 0 0 0 0 0 13 0 0 0 0 0 0 0 0 0 0 0 0 0 0 0 0 0 0 0 0 0 46 0 0 0 0 0 0 0 0 0 0 0 0 0 0 0 0 0 0 0 0 1 0 0 0 0 0 0 0 0 0 0 0 0 0 0 0 0 0 0 0 0 70 0 0 0 0 0 0 0 0 0 0 0 0 0 0 0 0 0 0 0 0 0 0 0 0 0 0 0 0 0 0 0 0 0 0 0 0 0 0 0 0 0 0 23 0 0 0 0 0 0 0 0 0 0 0 0 0 0 0 0 0 0 0 0 40 0 0 0 0 0 0 27 0 0 6 0 0 0 0 0 0 0 0 0 0 606 0 0 0 0 0 0 0 0 9 0 40 0 0 127 0 0 16 0 0 0 206 0 0 2 0 51 4 102 0 4 0 83 0 47 60 45 7 1 0 0 0 0 0 
0 0 21 196 73 70 197 120 174 159 68 112 29 207 93 78 75 40 34 0 235 0 12 20 12 14 2 40 0 8 29 0 0 14 2 2 0 0 0 0 0 83 0 0 0 0 0 0 0 0 0 0 2 0 0 5 0 0 0 0 0 0 8 0 0 0 0 0 0 0 0 0 0 0 0 0 0 0 0 0 0 0 0 0 16 0 0 0 0 0 0 0 0 0 0 0 0 0 0 0 0 0 0 0 0 0 0 0 0 0 0 0 0 0 0 0 0 0 0 0 0 0 0 0 0 0 91 0 0 0 0 0 0 0 0 0 0 0 0 0 0 0 0 0 0 0 0 16 0 0 0 0 0 0 0 0 0 0 0 0 0 0 0 0 0 0 0 0 0 148 0 0 0 0 0 0 0 0 0 0 0 0 0 0 0 0 0 0 0 0 96 0 0 0 0 0 0 34 0 0 6 0 0 0 0 0 0 0 0 0 0 859 0 0 0 0 0 0 0 0 12 0 53 0 0 78 0 0 18 0 0 0 306 0 0 0 0 27 0 121 0 16 0 96 0 118 57 39 25 4 0 0 0 0 0 
0 0 36 140 63 76 180 166 197 172 77 122 18 160 90 78 97 23 38 0 207 0 24 13 10 16 2 29 0 6 21 0 0 14 2 0 0 0 0 0 0 92 0 0 0 0 0 0 0 0 0 0 2 0 0 3 0 0 0 0 0 0 8 0 0 0 0 0 0 4 0 0 0 0 0 0 0 0 0 0 0 0 0 0 20 0 0 0 0 0 0 0 0 0 0 0 0 0 0 0 0 0 0 0 0 10 0 0 0 0 0 0 0 0 0 0 0 0 0 0 0 0 0 0 0 0 55 0 0 0 0 0 0 0 0 0 0 0 0 0 0 0 0 0 0 0 0 16 0 0 0 0 0 0 0 0 0 0 0 0 0 0 0 0 0 0 0 0 0 146 0 0 0 0 0 0 0 0 0 0 0 0 0 0 0 0 0 0 0 0 129 0 0 0 0 0 0 38 0 0 18 0 0 0 0 0 0 0 0 0 0 877 0 0 0 0 0 0 0 0 11 0 42 0 0 115 0 0 15 0 0 0 333 0 0 2 0 31 0 140 0 6 0 82 0 79 33 19 24 0 0 0 0 0 0 
0 0 39 176 106 58 239 148 90 154 52 64 25 128 129 66 66 59 26 0 168 0 10 10 10 14 0 28 2 6 12 0 2 6 4 0 0 0 0 0 0 68 0 0 0 0 0 0 0 0 0 0 0 0 0 8 0 0 0 0 0 0 10 0 0 0 0 0 0 0 0 0 0 0 0 0 0 0 0 0 0 0 0 0 28 0 0 0 0 0 0 0 0 0 0 0 0 0 0 0 0 0 0 0 0 2 0 0 0 0 0 0 0 0 0 0 0 0 0 0 0 0 0 0 0 0 69 0 0 0 0 0 0 0 0 0 0 0 0 0 0 0 0 0 0 0 0 0 0 0 4 0 0 0 0 0 0 0 0 0 0 0 0 0 0 0 0 0 0 85 0 0 0 0 0 0 0 0 0 0 0 0 0 0 0 0 0 0 0 0 54 0 0 0 0 0 0 16 0 0 2 0 0 0 0 0 0 0 0 0 0 810 0 0 0 0 0 0 0 0 2 0 62 0 0 233 0 0 11 0 0 0 386 0 0 0 0 27 0 191 0 6 0 90 0 144 94 24 59 4 0 0 0 0 0 
0 0 25 149 70 71 277 107 42 60 38 38 28 76 28 10 16 10 10 0 49 0 8 6 28 6 0 17 0 2 8 0 0 6 2 0 0 0 0 0 0 79 0 0 0 0 0 0 0 0 0 0 0 0 0 2 0 0 0 0 0 0 4 0 0 0 0 0 0 0 0 0 0 0 0 0 0 0 0 0 0 0 0 0 67 0 0 0 0 0 0 0 0 0 0 0 0 0 0 0 0 0 0 0 0 0 0 0 0 0 0 0 0 0 0 0 0 0 0 0 0 0 0 0 0 0 85 0 0 0 0 0 0 0 0 0 0 0 0 0 0 0 0 0 0 0 0 16 0 0 0 0 0 0 0 0 0 0 0 0 0 0 0 0 0 0 0 0 0 76 0 0 0 0 0 0 0 0 0 0 0 0 0 0 0 0 0 0 0 0 35 0 0 0 0 0 0 17 0 0 3 0 0 0 0 0 0 0 0 0 0 446 0 0 0 0 0 0 0 0 12 0 57 0 0 145 0 0 20 0 0 0 246 0 0 3 0 66 0 141 0 10 0 92 0 123 43 56 38 9 0 0 0 0 0 
0 0 48 208 54 61 245 172 69 119 49 83 32 157 93 54 32 46 45 0 151 0 18 16 45 6 4 18 0 6 8 0 0 12 4 0 0 0 0 0 0 48 0 0 0 0 0 0 0 0 0 0 0 0 0 9 0 0 0 0 0 0 11 0 0 0 0 0 0 0 0 0 0 0 0 0 0 0 0 0 0 0 0 0 59 0 0 0 0 0 0 0 0 0 0 0 0 0 0 0 0 0 0 0 0 10 0 0 0 0 0 0 0 0 0 0 0 0 0 0 0 0 0 0 0 0 90 0 0 0 0 0 0 0 0 0 0 0 0 0 0 0 0 0 0 0 0 16 0 0 0 0 0 0 0 0 0 0 0 0 0 0 0 0 0 0 0 0 0 94 0 0 0 0 0 0 0 0 0 0 0 0 0 0 0 0 0 0 0 0 134 0 0 0 0 0 0 70 0 0 0 0 0 0 0 0 0 0 0 0 0 951 0 0 0 0 0 0 0 0 8 0 40 0 0 141 0 0 10 0 0 0 397 0 0 2 0 44 0 146 0 12 0 79 0 89 64 47 35 10 0 0 0 0 0 
0 0 24 113 108 81 280 165 76 186 58 68 70 238 104 54 75 48 10 0 150 0 10 14 42 20 0 50 0 12 14 0 0 11 0 0 0 0 0 0 0 104 0 0 0 0 0 0 0 0 0 0 0 0 0 12 0 0 0 0 0 0 19 0 0 0 0 0 0 2 0 0 0 0 0 0 0 0 0 0 0 0 0 0 19 0 0 0 0 0 0 0 0 0 0 0 0 0 0 0 0 0 0 0 0 6 0 0 0 0 0 0 0 0 0 0 0 0 0 0 0 0 0 0 0 0 84 0 0 0 0 0 0 0 0 0 0 0 0 0 0 0 0 0 0 0 0 16 0 0 0 0 0 0 0 0 0 0 0 0 0 0 0 0 0 0 0 0 0 116 0 0 0 0 0 0 0 0 0 0 0 0 0 0 0 0 0 0 0 0 106 0 0 0 0 0 0 33 0 0 1 0 0 0 0 0 0 0 0 0 0 935 0 0 0 0 0 0 0 0 2 0 34 0 0 133 0 0 16 0 0 0 407 0 0 4 0 82 0 119 0 16 0 136 0 98 54 37 9 2 0 0 0 0 0 
0 0 32 151 111 80 206 139 137 224 65 72 48 304 64 101 39 37 55 0 169 0 28 8 23 14 4 46 2 6 15 0 0 15 6 4 0 0 0 0 0 105 0 0 0 0 0 0 0 0 0 0 0 0 0 8 0 0 0 0 0 0 17 0 0 0 0 0 0 4 0 0 0 0 0 0 0 0 0 0 0 0 0 0 52 0 0 0 0 0 0 0 0 0 0 0 0 0 0 0 0 0 0 0 0 16 0 0 0 0 0 0 0 0 0 0 0 0 0 0 0 0 0 0 0 0 50 0 0 0 0 0 0 0 0 0 0 0 0 0 0 0 0 0 0 0 0 64 0 0 0 0 0 0 0 0 0 0 0 0 0 0 0 0 0 0 0 0 0 84 0 0 0 0 0 0 0 0 0 0 0 0 0 0 0 0 0 0 0 0 121 0 0 0 0 0 0 49 0 0 4 0 0 0 0 0 0 0 0 0 0 819 0 0 0 0 0 0 0 0 8 0 42 0 0 97 0 0 15 0 0 0 415 0 0 0 0 50 0 154 0 26 0 96 0 79 63 54 30 0 0 0 0 0 0 
0 0 29 200 162 88 170 214 111 157 84 66 32 155 106 46 57 68 28 0 193 0 20 9 20 2 4 28 0 7 12 0 0 8 4 0 0 0 0 0 0 99 0 0 0 0 0 0 0 0 0 0 0 0 0 4 0 0 0 0 0 0 9 0 0 0 0 0 0 4 0 0 0 0 0 0 0 0 0 0 0 0 0 0 53 0 0 0 0 0 0 0 0 0 0 0 0 0 0 0 0 0 0 0 0 0 0 0 0 0 0 0 0 0 0 0 0 0 0 0 0 0 0 0 0 0 54 0 0 0 0 0 0 0 0 0 0 0 0 0 0 0 0 0 0 0 0 64 0 0 0 0 0 0 0 0 0 0 0 0 0 0 0 0 0 0 0 0 0 90 0 0 0 0 0 0 0 0 0 0 0 0 0 0 0 0 0 0 0 0 82 0 0 0 0 0 0 82 0 0 14 0 0 6 0 0 0 0 0 0 0 896 0 0 0 0 0 0 0 0 8 0 30 0 0 149 0 0 13 0 0 0 360 0 0 0 0 67 0 138 0 16 0 56 0 108 68 50 27 12 0 0 0 0 0 
0 0 32 422 178 94 229 266 83 202 50 57 32 259 62 48 104 52 31 0 267 0 14 16 30 6 0 126 0 12 54 0 0 14 4 0 0 0 0 0 0 237 0 0 0 0 0 0 0 0 0 0 2 0 0 6 0 0 0 0 0 0 39 0 0 0 0 0 0 4 0 0 0 0 0 0 0 0 0 0 0 0 0 0 49 0 0 0 0 0 0 0 0 0 0 0 0 0 0 0 0 0 0 0 0 7 0 0 0 0 0 0 0 0 0 0 0 0 0 0 0 0 0 0 0 0 64 0 0 0 0 0 0 0 0 0 0 0 0 0 0 0 0 0 0 0 0 0 0 4 0 0 0 0 0 0 0 0 0 0 0 0 0 0 0 0 0 0 0 85 0 0 0 0 0 0 0 0 0 0 0 0 0 0 0 0 0 0 0 0 157 0 0 0 0 0 0 70 0 0 10 0 0 0 0 0 0 0 0 0 0 1137 0 0 0 0 0 0 0 0 7 0 52 0 0 241 0 0 14 0 0 0 557 0 0 3 0 81 0 220 0 19 0 147 0 113 79 121 69 4 0 0 0 0 0 
0 0 39 353 140 106 321 221 160 259 39 81 20 295 89 52 53 42 46 0 301 4 16 8 34 4 4 101 0 8 61 0 0 4 4 4 0 0 0 0 0 142 0 0 0 0 0 0 0 0 0 0 0 0 0 0 0 0 0 0 0 0 15 0 0 0 0 0 0 6 0 0 0 0 0 0 0 0 0 0 0 0 0 0 51 0 0 0 0 0 0 0 0 0 0 0 0 0 0 0 0 0 0 0 0 2 0 0 0 0 0 0 0 0 0 0 0 0 0 0 0 0 0 0 0 0 96 0 0 0 0 0 0 0 0 0 0 0 0 0 0 0 0 0 0 0 0 0 0 0 0 0 0 0 0 0 0 0 0 0 0 0 0 0 0 0 0 0 0 157 0 0 0 0 0 0 0 0 0 0 0 0 0 0 0 0 0 0 0 0 151 0 0 0 0 0 0 83 0 0 16 0 0 0 0 0 0 0 0 0 0 1019 0 0 0 0 0 0 0 0 0 0 39 0 0 161 0 0 13 0 0 0 415 0 0 9 0 82 0 332 0 41 0 215 0 114 103 97 39 2 0 0 0 0 0 
0 0 66 376 177 108 368 178 101 85 37 88 12 202 57 46 26 31 24 0 156 4 2 0 12 4 0 54 0 6 19 0 0 0 0 0 0 0 0 0 0 28 0 0 0 0 0 0 0 0 0 0 0 0 0 2 0 0 0 0 0 0 0 0 0 0 0 0 0 0 0 0 0 0 0 0 0 0 0 0 0 0 0 0 4 0 0 0 0 0 0 0 0 0 0 0 0 0 0 0 0 0 0 0 0 0 0 0 0 0 0 0 0 0 0 0 0 0 0 0 0 0 0 0 0 0 10 0 0 0 0 0 0 0 0 0 0 0 0 0 0 0 0 0 0 0 0 0 0 0 0 0 0 0 0 0 0 0 0 0 0 0 0 0 0 0 0 0 0 63 0 0 0 0 0 0 0 0 0 0 0 0 0 0 0 0 0 0 0 0 38 0 0 0 0 0 0 33 0 0 16 0 0 0 0 0 0 0 0 0 0 721 0 0 0 0 0 0 0 0 2 0 60 0 0 352 0 0 15 0 0 0 476 0 0 9 0 140 0 398 0 18 0 196 0 230 110 108 50 4 0 0 0 0 0 
0 0 40 383 155 92 247 224 103 142 60 79 9 202 60 31 31 19 18 0 144 0 8 10 4 4 2 35 4 6 11 0 2 10 0 0 0 0 0 0 0 21 0 0 0 0 0 0 0 0 0 0 0 0 0 2 0 0 0 0 0 0 0 0 0 0 0 0 0 0 0 0 0 0 0 0 0 0 0 0 0 0 0 0 20 0 0 0 0 0 0 0 0 0 0 0 0 0 0 0 0 0 0 0 0 2 0 0 0 0 0 0 0 0 0 0 0 0 0 0 0 0 0 0 0 0 4 0 0 0 0 0 0 0 0 0 0 0 0 0 0 0 0 0 0 0 0 0 0 0 0 0 0 0 0 0 0 0 0 0 0 0 0 0 0 0 0 0 0 40 0 0 0 0 0 0 0 0 0 0 0 0 0 0 0 0 0 0 0 0 30 0 0 0 0 0 0 59 0 0 5 0 0 2 0 0 0 0 0 0 0 664 0 0 0 0 0 0 0 0 5 0 70 0 0 358 0 0 23 0 0 0 452 0 0 2 0 114 0 436 0 38 0 213 0 147 176 82 68 6 0 0 0 0 0 
0 0 25 439 269 111 493 430 146 239 108 103 10 272 48 61 59 34 56 0 228 0 14 8 26 4 2 138 2 6 41 0 0 7 8 0 0 0 0 0 0 93 0 0 0 0 0 0 0 0 0 0 0 0 0 12 0 0 0 0 0 0 8 0 0 0 0 0 0 0 0 0 0 0 0 0 0 0 0 0 0 0 0 0 31 0 0 0 0 0 0 0 0 0 0 0 0 0 4 0 0 0 0 0 0 14 0 0 0 0 0 0 0 0 0 0 0 0 0 0 0 0 0 0 0 0 25 0 0 0 0 0 0 0 0 0 0 0 0 0 0 0 0 0 0 0 0 32 0 0 0 0 0 0 0 0 0 0 0 0 0 0 0 0 0 0 0 0 0 102 0 0 0 0 0 0 0 0 0 0 0 0 0 0 0 0 0 0 0 0 66 0 0 0 0 0 0 57 0 0 6 0 0 0 0 0 0 0 0 0 0 945 0 0 0 0 0 0 0 0 20 0 37 0 0 299 0 0 40 0 0 0 558 0 0 7 0 72 0 327 0 10 0 216 0 189 111 101 9 2 0 0 0 0 0 
0 0 77 390 219 141 318 416 200 246 133 163 19 169 24 13 65 10 8 0 183 0 12 8 18 4 0 104 4 8 37 0 0 8 4 0 0 0 0 0 0 77 0 0 0 0 0 0 0 0 0 0 0 0 0 13 0 0 0 0 0 0 8 0 0 0 0 0 0 7 0 0 0 0 0 0 0 0 0 0 0 0 0 0 58 0 0 0 0 0 0 0 0 0 0 0 0 0 0 0 0 0 0 0 0 4 0 0 0 0 0 0 0 0 0 0 0 0 0 0 0 0 0 0 0 0 23 0 0 0 0 0 0 0 0 0 0 0 0 0 0 0 0 0 0 0 0 32 0 0 2 0 0 2 0 0 0 0 0 0 0 0 0 0 0 0 0 0 0 124 0 0 0 0 0 0 0 0 0 0 0 0 0 0 0 0 0 0 0 0 72 0 0 0 0 0 0 68 0 0 4 0 0 0 0 0 0 0 0 0 0 795 0 0 0 0 0 0 0 0 0 0 28 0 0 205 0 0 14 0 0 0 325 0 0 9 0 30 0 172 0 16 0 181 0 158 111 83 42 0 0 0 0 0 0 
0 0 49 271 218 145 418 346 159 317 145 166 107 224 97 54 83 72 48 0 271 0 18 26 21 8 0 51 0 2 32 0 0 22 4 0 0 0 0 0 0 142 0 0 0 0 0 0 0 0 0 0 2 0 0 13 0 0 0 0 0 0 23 0 0 0 0 0 0 2 0 0 0 0 0 0 0 0 0 0 0 0 0 0 73 0 0 0 0 0 0 0 0 0 0 0 0 0 0 0 0 0 0 0 0 8 0 0 0 0 0 0 0 0 0 0 0 0 0 0 0 0 0 0 0 0 85 0 0 0 0 0 0 0 0 0 0 0 0 0 0 0 0 0 0 0 0 16 0 0 2 0 0 2 0 0 0 0 0 0 0 0 0 0 0 0 0 0 0 180 0 0 0 0 0 0 0 0 0 0 0 0 0 0 0 0 0 0 0 0 168 0 0 0 0 0 0 73 0 0 6 0 0 8 0 0 0 0 0 0 0 1141 0 0 0 0 0 0 0 0 8 0 20 0 0 164 0 0 22 0 0 0 537 0 0 1 0 75 0 221 0 19 0 132 0 208 121 113 29 8 0 0 0 0 0 
0 0 187 548 353 194 734 459 496 319 98 114 103 250 100 38 84 27 27 0 194 4 10 4 24 8 0 70 0 2 25 0 0 10 1 2 0 0 0 0 0 199 0 0 0 0 0 0 0 0 0 0 0 0 0 6 0 0 0 0 0 0 21 0 0 0 0 0 0 9 0 0 0 0 0 0 0 0 0 0 0 0 0 0 25 0 0 0 0 0 0 0 0 0 0 0 0 0 0 0 0 0 0 0 0 4 0 0 0 0 0 0 0 0 0 0 0 0 0 0 0 0 0 0 0 0 31 0 0 0 0 0 0 0 0 0 0 0 0 0 0 0 0 0 0 2 0 16 0 4 2 0 0 0 0 0 0 0 0 0 0 0 0 0 0 0 0 0 0 93 0 0 0 0 0 0 0 0 0 0 0 0 0 0 0 0 0 0 0 0 151 0 0 0 0 0 0 84 0 0 0 0 0 2 0 0 0 0 0 0 0 976 0 0 0 0 0 0 0 0 12 0 56 0 0 221 0 0 24 0 0 0 396 0 0 0 0 56 0 213 0 36 0 131 0 137 125 107 44 4 0 0 0 0 0 
0 0 83 289 168 229 1358 934 2786 1578 1378 1196 777 742 330 96 108 58 50 0 226 2 3 6 20 2 0 60 0 2 10 0 0 4 0 0 0 0 0 0 0 117 0 0 0 0 0 0 0 0 0 0 0 0 0 2 0 0 0 0 0 0 8 0 0 0 0 0 0 7 0 0 0 0 0 0 0 0 0 0 0 0 0 0 17 0 0 0 0 0 0 0 0 0 0 0 0 0 0 0 0 0 0 0 0 2 0 0 0 0 0 0 0 0 0 0 0 0 0 0 0 0 0 0 0 0 22 0 0 0 0 0 0 0 0 0 0 0 0 0 0 0 0 0 0 0 0 0 0 0 0 0 0 0 0 0 0 0 0 0 0 0 0 0 0 0 0 0 0 9 0 0 0 0 0 0 0 0 0 0 0 0 0 0 0 0 0 0 0 0 48 0 0 0 0 0 0 6 0 0 0 0 0 0 0 0 0 0 0 0 0 378 0 0 0 0 0 0 0 0 4 0 21 0 0 79 0 0 19 0 0 0 88 0 0 0 0 69 0 175 0 10 0 67 0 40 40 52 15 0 0 0 0 0 0 
0 0 12 26 51 121 481 455 1908 1932 1517 2730 2632 1127 1001 288 242 29 16 0 62 0 2 10 8 2 0 60 0 0 8 0 0 6 0 0 0 0 0 0 0 96 0 0 0 0 0 0 0 0 0 0 0 0 0 16 0 0 0 0 0 0 16 0 0 0 0 0 0 5 0 0 0 0 0 0 0 0 0 0 0 0 0 0 14 0 0 0 0 0 0 0 0 0 0 0 0 0 0 0 0 0 0 0 0 0 0 0 0 0 0 0 0 0 0 0 0 0 0 0 0 0 0 0 0 0 4 0 0 0 0 0 0 0 0 0 0 0 0 0 0 0 0 0 0 0 0 0 0 0 0 0 0 0 0 0 0 0 0 0 0 0 0 0 0 0 0 0 0 11 0 0 0 0 0 0 0 0 0 0 0 0 0 0 0 0 0 0 0 0 0 0 0 0 0 0 0 4 0 0 0 0 0 4 0 0 0 0 0 0 0 136 0 0 0 0 0 0 0 0 2 0 10 0 0 38 0 0 2 0 0 0 50 0 0 2 0 6 0 68 0 6 0 23 0 8 2 12 0 0 0 0 0 0 0 
0 0 0 36 48 103 135 144 596 1416 852 2683 4631 3324 2650 874 425 148 34 0 82 0 4 2 7 2 2 4 0 0 15 0 0 0 0 0 0 0 0 0 0 12 0 0 0 0 0 0 0 0 0 0 0 0 0 0 0 0 0 0 0 0 0 0 0 0 0 0 0 0 0 0 0 0 0 0 0 0 0 0 0 0 0 0 0 0 0 0 0 0 0 0 0 0 0 0 0 0 0 0 0 0 0 0 0 0 0 0 0 0 0 0 0 0 0 0 0 0 0 0 0 0 0 0 0 0 0 0 0 0 0 0 0 0 0 0 0 0 0 0 0 0 0 0 0 0 0 0 0 0 0 0 0 0 0 0 0 0 0 0 0 0 0 0 0 0 0 0 0 0 0 0 0 0 0 0 0 0 0 0 0 0 0 0 0 0 0 0 0 0 0 0 0 0 0 0 0 0 0 0 0 0 0 0 0 0 0 0 0 0 0 24 0 0 0 0 0 0 0 0 0 0 0 0 0 2 0 0 0 0 0 0 13 0 0 0 0 2 0 10 0 8 0 8 0 24 2 6 0 2 0 0 0 0 0 
0 0 0 20 96 210 269 297 549 967 692 1454 1332 2979 1807 552 2098 316 232 0 183 0 36 4 4 8 0 2 0 10 4 0 0 0 0 0 0 0 0 0 0 8 0 0 0 0 0 0 0 0 0 0 0 0 0 0 0 0 0 0 0 0 0 0 0 0 0 0 0 0 0 0 0 0 0 0 0 0 0 0 0 0 0 0 0 0 0 0 0 0 0 0 0 0 0 0 0 0 0 0 0 0 0 0 0 0 0 0 0 0 0 0 0 0 0 0 0 0 0 0 0 0 0 0 0 0 0 0 0 0 0 0 0 0 0 0 0 0 0 0 0 0 0 0 0 0 0 0 0 0 0 0 0 0 0 0 0 0 0 0 0 0 0 0 0 0 0 0 0 32 0 0 0 0 0 0 0 0 0 0 0 0 0 0 0 0 0 0 0 0 0 0 0 0 0 0 0 0 0 0 0 0 0 0 0 0 0 0 0 0 0 96 0 0 0 0 0 0 0 0 0 0 4 0 0 6 0 0 0 0 0 0 14 0 0 0 0 1 0 21 0 0 0 12 0 7 0 4 0 0 0 0 0 0 0 
0 0 0 2 67 65 260 279 480 958 812 1950 240 2258 1508 140 2523 397 324 0 270 0 70 10 4 2 0 18 0 0 16 0 0 10 0 0 0 0 0 0 0 37 0 0 0 0 0 0 0 0 0 0 0 0 0 0 0 0 0 0 0 0 0 0 0 0 0 0 0 0 0 0 0 0 0 0 0 0 0 0 0 0 0 0 24 0 0 0 0 0 0 0 0 0 0 0 0 0 0 0 0 0 0 0 0 0 0 0 0 0 0 0 0 0 0 0 0 0 0 0 0 0 0 0 0 0 38 0 0 0 0 0 0 0 0 0 0 0 0 0 0 0 0 0 0 0 0 0 0 0 0 0 0 0 0 0 0 0 0 0 0 0 0 0 0 0 0 0 0 169 0 0 0 0 0 0 0 0 0 0 0 0 0 0 0 0 0 0 0 0 6 0 0 0 0 0 0 0 0 0 6 0 0 0 0 0 0 0 0 0 0 94 0 0 0 0 0 0 0 0 0 0 0 0 0 12 0 0 6 0 0 0 37 0 0 0 0 18 0 48 0 0 0 30 0 18 22 0 5 0 0 0 0 0 0 
0 0 0 20 86 116 376 563 477 993 1974 3233 864 2989 2171 142 1909 295 196 0 174 0 26 4 26 0 0 6 0 7 2 0 0 0 5 0 0 0 0 0 0 20 0 0 0 0 0 0 0 0 0 0 0 0 0 2 0 0 0 0 0 0 6 0 0 0 0 0 0 0 0 0 0 0 0 0 0 0 0 0 0 0 0 0 4 0 0 0 0 0 0 0 0 0 0 0 0 0 0 0 0 0 0 0 0 0 0 0 0 0 0 0 0 0 0 0 0 0 0 0 0 0 0 0 0 0 0 0 0 0 0 0 0 0 0 0 0 0 0 0 0 0 0 0 0 0 0 0 0 0 0 0 0 0 0 0 0 0 0 0 0 0 0 0 0 0 0 0 0 18 0 0 0 0 0 0 0 0 0 0 0 0 0 0 0 0 0 0 0 0 34 0 0 0 0 0 0 2 0 0 0 0 0 0 0 0 0 0 0 0 0 170 0 0 0 0 0 0 0 0 0 0 0 0 0 5 0 0 2 0 0 0 59 0 0 0 0 12 0 43 0 8 0 22 0 19 26 4 1 0 0 0 0 0 0 
0 0 13 141 45 31 293 848 640 1311 2206 3289 1107 3081 1826 130 1290 243 86 0 187 0 4 3 6 2 0 24 0 0 0 0 0 0 4 0 0 0 0 0 0 92 0 0 0 0 0 0 0 0 0 0 0 0 0 0 0 0 0 0 0 0 0 0 0 0 0 0 0 0 0 0 0 0 0 0 0 0 0 0 0 0 0 0 17 0 0 0 0 0 0 0 0 0 0 0 0 0 0 0 0 0 0 0 0 0 0 0 0 0 0 0 0 0 0 0 0 0 0 0 0 0 0 0 0 0 6 0 0 0 0 0 0 0 0 0 0 0 0 0 0 0 0 0 0 0 0 0 0 0 0 0 0 0 0 0 0 0 0 0 0 0 0 0 0 0 0 0 0 16 0 0 0 0 0 0 0 0 0 0 0 0 0 0 0 0 0 0 0 0 16 0 0 0 0 0 0 0 0 0 0 0 0 0 0 0 0 0 0 0 0 51 0 0 0 0 0 0 0 0 4 0 14 0 0 18 0 0 30 0 0 0 36 0 0 2 0 20 0 31 0 0 0 4 0 19 16 17 6 0 0 0 0 0 0 
0 0 6 104 35 12 284 863 514 1439 2490 3862 636 2281 1647 80 1191 214 18 0 57 0 4 4 7 0 0 19 0 0 2 0 0 2 4 0 0 0 0 0 0 61 0 0 0 0 0 0 0 0 0 0 0 0 0 6 0 0 0 0 0 0 13 0 0 0 0 0 0 0 0 0 0 0 0 0 0 0 0 0 0 0 0 0 41 0 0 0 0 0 0 0 0 0 0 0 0 0 0 0 0 0 0 0 0 2 0 0 0 0 0 0 0 0 0 0 0 0 0 0 0 0 0 0 0 0 14 0 0 0 0 0 0 0 0 0 0 0 0 0 0 0 0 0 0 0 0 0 0 0 0 0 0 0 0 0 0 0 0 0 0 0 0 0 0 0 0 0 0 18 0 0 0 0 0 0 0 0 0 0 0 0 0 0 0 0 0 0 0 0 8 0 0 0 0 0 0 10 0 0 2 0 0 0 0 0 0 0 0 0 0 74 0 0 0 0 0 0 0 0 0 0 15 0 0 28 0 0 11 0 0 0 78 0 0 2 0 25 0 55 0 5 0 17 0 44 20 22 8 4 0 0 0 0 0 
0 0 2 26 152 304 266 354 716 1740 920 3934 16 3296 2151 0 858 1136 18 0 326 0 6 52 26 4 0 23 0 0 7 0 0 4 0 0 0 0 0 0 0 25 0 0 0 0 0 0 0 0 0 0 0 0 0 0 0 0 0 0 0 0 8 0 0 0 0 0 0 0 0 0 0 0 0 0 0 0 0 0 0 0 0 0 27 0 0 0 0 0 0 0 0 0 0 0 0 0 0 0 0 0 0 0 0 1 0 0 0 0 0 0 0 0 0 0 0 0 0 0 0 0 0 0 0 0 6 0 0 0 0 0 0 0 0 0 0 0 0 0 0 0 0 0 0 0 0 0 0 0 0 0 0 0 0 0 0 0 0 0 0 0 0 0 0 0 0 0 0 6 0 0 0 0 0 0 0 0 0 0 0 0 0 0 0 0 0 0 0 0 8 0 0 0 0 0 0 4 0 0 0 0 0 0 0 0 0 0 0 0 0 66 0 0 0 0 0 0 0 0 2 0 10 0 0 20 0 0 8 0 0 0 34 0 0 0 0 31 0 43 0 4 0 15 0 12 11 2 16 0 0 0 0 0 0 
0 0 0 4 108 459 215 361 638 1754 732 3422 0 3272 2222 0 799 1477 24 0 409 0 11 57 4 0 0 50 0 3 10 0 0 2 3 0 0 0 0 0 0 60 0 0 0 0 0 0 0 0 0 0 2 0 0 2 0 0 0 0 0 0 9 0 0 0 0 0 0 0 0 0 0 0 0 0 0 0 0 0 0 0 0 0 27 0 0 0 0 0 0 0 0 0 0 0 0 0 0 0 0 0 0 0 0 0 0 0 0 0 0 0 0 0 0 0 0 0 0 0 0 0 0 0 0 0 13 0 0 0 0 0 0 0 0 0 0 0 0 0 0 0 0 0 0 0 0 0 0 0 0 0 0 0 0 0 0 0 0 0 0 0 0 0 0 0 0 0 0 22 0 0 0 0 0 0 0 0 0 0 0 0 0 0 0 0 0 0 0 0 6 0 0 0 0 0 0 4 0 0 6 0 0 0 0 0 0 0 0 0 0 95 0 0 0 0 0 0 0 0 0 0 2 0 0 17 0 0 14 0 0 0 91 0 0 0 0 6 0 54 0 4 0 25 0 5 7 10 0 0 0 0 0 0 0 
0 0 0 22 66 297 299 224 592 1599 0 3578 0 2938 2714 0 595 2015 2 0 682 0 10 1 65 3 0 12 0 0 4 0 0 0 0 0 0 0 0 0 0 86 0 0 0 0 0 0 0 0 0 0 0 0 0 6 0 0 0 0 0 0 4 0 0 0 0 0 0 2 0 0 0 0 0 0 0 0 0 0 0 0 0 0 13 0 0 0 0 0 0 0 0 0 0 0 0 0 0 0 0 0 0 0 0 11 0 0 0 0 0 0 0 0 0 0 0 0 0 0 0 0 0 0 0 0 11 0 0 0 0 0 0 0 0 0 0 0 0 0 0 0 0 0 0 0 0 0 0 0 0 0 0 0 0 0 0 0 0 0 0 0 0 0 0 0 0 0 0 25 0 0 0 0 0 0 0 0 0 0 0 0 0 0 0 0 0 0 0 0 33 0 0 0 0 0 0 2 0 0 2 0 0 3 0 0 0 0 0 0 0 106 0 0 0 0 0 0 0 0 0 0 4 0 0 12 0 0 14 0 0 0 128 0 0 0 0 11 0 68 0 0 0 37 0 10 16 0 0 0 0 0 0 0 0 
0 0 0 4 84 356 192 345 614 1807 0 3308 0 3358 2535 0 401 2381 0 0 570 0 21 76 9 0 0 23 0 0 17 0 0 0 0 0 0 0 0 0 0 49 0 0 0 0 0 0 0 0 0 0 0 0 0 0 0 0 0 0 0 0 0 0 0 0 0 0 0 0 0 0 0 0 0 0 0 0 0 0 0 0 0 0 16 0 0 0 0 0 0 0 0 0 0 0 0 0 0 0 0 0 0 0 0 4 0 0 0 0 0 0 0 0 0 0 0 0 0 0 0 0 0 0 0 0 8 0 0 0 0 0 0 0 0 0 0 0 0 0 0 0 0 0 0 0 0 0 0 0 0 0 0 0 0 0 0 0 0 0 0 0 0 0 0 0 0 0 0 4 0 0 0 0 0 0 0 0 0 0 0 0 0 0 0 0 0 0 0 0 12 0 0 0 0 0 0 2 0 0 0 0 0 0 0 0 0 0 0 0 0 72 0 0 0 0 0 0 0 0 2 0 4 0 0 4 0 0 18 0 0 0 67 0 0 0 0 10 0 67 0 0 0 31 0 14 19 5 1 0 0 0 0 0 0 
0 0 0 0 16 56 130 712 48 1503 0 568 0 2272 464 0 1000 734 0 0 1957 0 0 55 118 0 0 408 0 0 97 0 0 0 0 0 0 0 0 0 0 168 0 0 0 0 0 0 0 0 0 0 0 0 0 10 0 0 0 0 0 0 28 0 0 0 0 0 0 0 0 0 0 0 0 0 0 0 0 0 0 0 0 0 33 0 0 0 0 0 0 0 0 0 0 0 0 0 0 0 0 0 0 0 0 6 0 0 0 0 0 0 0 0 0 0 0 0 0 0 0 0 0 0 0 0 59 0 0 0 0 0 0 0 0 0 0 0 0 0 0 0 0 0 0 0 0 0 0 0 0 0 0 0 0 0 0 0 0 0 0 0 0 0 0 0 0 0 0 60 0 0 0 0 0 0 0 0 0 0 0 0 0 0 0 0 0 0 0 0 11 0 0 0 0 0 0 4 0 0 4 0 0 0 0 0 0 0 0 0 0 225 0 0 0 0 0 0 0 0 2 0 11 0 0 10 0 0 7 0 0 0 157 0 0 0 0 11 0 70 0 0 0 21 0 8 0 0 0 0 0 0 0 0 0 
0 0 0 0 0 0 38 260 0 1137 0 1 0 1333 0 0 350 0 0 0 858 0 0 0 32 0 0 217 0 0 15 0 0 0 0 0 0 0 0 0 0 206 0 0 0 0 0 0 0 0 0 0 0 0 0 4 0 0 0 0 0 0 12 0 0 0 0 0 0 5 0 0 0 0 0 0 0 0 0 0 0 0 0 0 21 0 0 0 0 0 0 0 0 0 0 0 0 0 0 0 0 0 0 0 0 0 0 0 0 0 0 0 0 0 0 0 0 0 0 0 0 0 0 0 0 0 14 0 0 0 0 0 0 0 0 0 0 0 0 0 0 0 0 0 0 0 0 1 0 0 0 0 0 0 0 0 0 0 0 0 0 0 0 0 0 0 0 0 0 107 0 0 0 0 0 0 0 0 0 0 0 0 0 0 0 0 0 0 0 0 33 0 0 0 0 0 0 10 0 0 0 0 0 0 0 0 0 0 0 0 0 627 0 0 0 0 0 0 0 0 0 0 10 0 0 9 0 0 5 0 0 0 254 0 0 0 0 23 0 175 0 4 0 58 0 18 0 0 0 0 0 0 0 0 0 
0 0 0 0 0 0 52 176 0 528 0 0 0 433 0 0 152 4 0 0 400 0 0 0 2 0 0 37 0 0 15 0 0 2 8 0 0 0 0 0 0 333 0 0 0 0 0 0 0 0 0 0 6 0 0 22 0 0 0 0 0 0 15 0 0 0 0 0 0 1 0 0 0 0 0 0 0 0 0 0 0 0 0 0 78 0 0 0 0 0 0 0 0 0 0 0 0 0 0 0 0 0 0 0 0 18 0 0 0 0 0 0 0 0 0 0 0 0 0 0 0 0 0 0 0 0 23 0 0 0 0 0 0 0 0 0 0 0 0 0 0 0 0 0 0 0 0 0 0 0 0 0 0 0 0 0 0 0 0 0 0 0 0 0 0 0 0 0 0 145 0 0 0 0 0 0 0 0 0 0 0 0 0 0 0 0 0 0 0 0 76 0 0 0 0 0 0 16 0 0 8 0 0 0 0 0 0 0 0 0 0 640 0 0 0 0 0 0 0 0 4 0 8 0 0 71 0 0 0 0 0 0 347 0 0 0 0 8 0 210 0 0 0 116 0 49 4 0 0 0 0 0 0 0 0 
0 0 0 0 0 0 17 53 0 62 0 4 0 25 0 0 16 0 0 0 65 0 0 0 2 0 0 16 0 0 0 0 0 0 0 0 0 0 0 0 0 43 0 0 0 0 0 0 0 0 0 0 2 0 0 2 0 0 0 0 0 0 8 0 0 0 0 0 0 0 0 0 0 0 0 0 0 0 0 0 0 0 0 0 8 0 0 0 0 0 0 0 0 0 0 0 0 0 0 0 0 0 0 0 0 2 0 0 0 0 0 0 0 0 0 0 0 0 0 0 0 0 0 0 0 0 14 0 0 0 0 0 0 0 0 0 0 0 0 0 0 0 0 0 0 1 3 0 0 0 0 0 0 0 4 0 0 0 0 0 0 0 0 0 0 0 0 0 0 46 0 0 0 0 0 0 0 0 0 0 0 0 0 0 0 0 0 0 0 0 116 0 0 0 0 0 0 18 0 0 11 0 0 0 0 0 0 0 0 0 0 503 0 0 0 0 0 0 0 0 4 0 29 0 0 252 0 0 4 0 0 0 201 0 0 0 0 46 0 322 0 0 0 144 0 59 13 1 0 0 0 0 0 0 0 
0 0 0 0 4 6 16 38 0 21 0 0 0 0 0 0 0 0 0 0 3 0 0 0 0 0 0 0 0 0 0 0 0 0 0 0 0 0 0 0 0 0 0 0 0 0 0 0 0 0 0 0 0 0 0 0 0 0 0 0 0 0 0 0 0 0 0 0 0 0 0 0 0 0 0 0 0 0 0 0 0 0 0 0 0 0 0 0 0 0 0 0 0 0 0 0 0 0 0 0 0 0 0 0 0 0 0 0 0 0 0 0 0 0 0 0 0 0 0 0 0 0 0 0 0 0 8 0 0 0 0 0 0 0 0 0 0 0 0 0 0 0 0 0 0 0 0 0 0 0 0 0 0 0 0 0 0 0 0 0 0 0 0 0 0 0 0 0 0 18 0 0 0 0 0 0 0 0 0 0 0 0 0 0 0 0 0 0 0 0 36 0 0 0 0 0 0 44 0 0 4 0 0 0 0 0 0 0 0 0 0 406 0 0 0 0 0 0 0 0 6 0 31 0 0 182 0 0 13 0 0 0 189 0 0 0 0 30 0 269 0 0 0 121 0 50 4 0 0 0 0 0 0 0 0 
0 0 0 11 0 46 62 19 0 32 0 4 0 20 2 0 4 2 0 0 25 0 0 4 2 0 0 12 0 0 6 0 0 0 0 0 0 0 0 0 0 19 0 0 0 0 0 0 0 0 0 0 0 0 0 2 0 0 0 0 0 0 12 0 0 0 0 0 0 2 0 0 0 0 0 0 0 0 0 0 0 0 0 0 6 0 0 0 0 0 0 0 0 0 0 0 0 0 2 0 0 0 0 0 0 2 0 0 0 0 0 0 0 0 0 0 0 0 0 0 0 0 0 0 0 0 6 0 0 0 0 0 0 0 0 0 0 0 0 0 0 0 0 0 0 0 0 0 0 0 0 0 0 0 0 0 0 0 0 0 0 0 0 0 0 0 0 0 0 23 0 0 0 0 0 0 0 0 0 0 0 0 0 0 0 0 0 0 0 0 49 0 0 0 0 0 0 32 0 0 6 0 0 6 0 0 0 0 0 0 0 442 0 0 0 0 0 0 0 0 18 0 88 0 0 250 0 0 27 0 0 0 414 0 0 2 0 122 0 213 0 1 0 232 0 164 111 5 0 0 0 0 0 0 0 
0 0 0 8 0 50 60 16 0 32 0 2 0 24 2 0 6 2 0 0 16 0 0 6 2 0 0 13 0 0 10 0 0 0 0 0 0 0 0 0 0 28 0 0 0 0 0 0 0 0 0 0 0 0 0 0 0 0 0 0 0 0 6 0 0 0 0 0 0 0 0 0 0 0 0 0 0 0 0 0 0 0 0 0 10 0 0 0 0 0 0 0 0 0 0 0 0 0 2 0 0 0 0 0 0 4 0 0 0 0 0 0 0 0 0 0 0 0 0 0 0 0 0 0 0 0 2 0 0 0 0 0 0 0 0 0 0 0 0 0 0 0 0 0 0 0 0 0 0 0 0 0 0 0 0 0 0 0 0 0 0 0 0 0 0 0 0 0 0 14 0 0 0 0 0 0 0 0 0 0 0 0 0 0 0 0 0 0 0 0 38 0 0 0 0 0 0 43 0 0 12 0 0 8 0 0 0 0 0 0 0 565 0 0 0 0 0 0 0 0 15 0 103 0 0 304 0 0 36 0 0 0 381 0 0 2 0 108 0 202 0 1 0 214 0 179 111 7 3 0 0 0 0 0 0 
0 0 0 0 13 95 73 16 4 16 0 2 0 0 0 0 4 0 0 0 0 0 0 0 2 0 0 2 0 0 0 0 0 0 0 0 0 0 0 0 0 8 0 0 0 0 0 0 0 0 0 0 0 0 0 0 0 0 0 0 0 0 4 0 0 0 0 0 0 0 0 0 0 0 0 0 0 0 0 0 0 0 0 0 0 0 0 0 0 0 0 0 0 0 0 0 0 0 0 0 0 0 0 0 0 0 0 0 0 0 0 0 0 0 0 0 0 0 0 0 0 0 0 0 0 0 2 0 0 0 0 0 0 0 0 0 0 0 0 0 0 0 0 0 0 0 0 0 0 0 0 0 0 0 0 0 0 0 0 0 0 0 0 0 0 0 0 0 0 35 0 0 0 0 0 0 0 0 0 0 0 0 0 0 0 0 0 0 0 0 23 0 0 0 0 0 0 21 0 0 11 0 0 2 0 0 0 0 0 0 0 454 0 0 0 0 0 0 0 0 26 0 134 0 0 214 0 0 71 0 0 0 318 0 0 4 0 163 0 154 0 4 0 159 0 195 78 21 0 4 0 0 0 0 0 
0 0 0 8 4 57 103 20 0 27 0 8 0 4 0 0 4 0 0 0 4 0 0 0 0 0 0 0 0 0 0 0 0 0 0 0 0 0 0 0 0 8 0 0 0 0 0 0 0 0 0 0 0 0 0 0 0 0 0 0 0 0 0 0 0 0 0 0 0 0 0 0 0 0 0 0 0 0 0 0 0 0 0 0 6 0 0 0 0 0 0 0 0 0 0 0 0 0 0 0 0 0 0 0 0 0 0 0 0 0 0 0 0 0 0 0 0 0 0 0 0 0 0 0 0 0 18 0 0 0 0 0 0 0 0 0 0 0 0 0 0 0 0 0 0 0 0 0 0 0 0 0 0 0 0 0 0 0 0 0 0 0 0 0 0 0 0 0 0 18 0 0 0 0 0 0 0 0 0 0 0 0 0 0 0 0 0 0 0 0 21 0 0 0 0 0 0 19 0 0 7 0 0 0 0 0 0 0 0 0 0 290 0 0 0 0 0 0 0 0 14 0 108 0 0 198 0 0 53 0 0 0 262 0 0 5 0 117 0 158 0 19 0 171 0 133 45 19 14 0 0 0 0 0 0 
0 0 0 0 9 33 77 53 24 95 0 10 0 29 12 0 4 4 0 0 15 0 0 0 0 0 0 0 0 0 0 0 0 0 0 0 0 0 0 0 0 15 0 0 0 0 0 0 0 0 0 0 0 0 0 0 0 0 0 0 0 0 0 0 0 0 0 0 0 0 0 0 0 0 0 0 0 0 0 0 0 0 0 0 6 0 0 0 0 0 0 0 0 0 0 0 0 0 0 0 0 0 0 0 0 0 0 0 0 0 0 0 0 0 0 0 0 0 0 0 0 0 0 0 0 0 9 0 0 0 0 0 0 0 0 0 0 0 0 0 0 0 0 0 0 0 0 0 0 0 0 0 0 0 0 0 0 0 0 0 0 0 0 0 0 0 0 0 0 9 0 0 0 0 0 0 0 0 0 0 0 0 0 0 0 0 0 0 0 0 25 0 0 0 0 0 0 14 0 0 12 0 0 0 0 0 0 0 0 0 0 237 0 0 0 0 0 0 0 0 6 0 51 0 0 145 0 0 26 0 0 0 249 0 0 0 0 48 0 98 0 4 0 132 0 109 23 18 2 0 0 0 0 0 0 
0 0 20 86 140 149 97 98 45 55 10 26 2 47 4 0 2 0 0 0 13 0 0 0 0 0 0 4 0 0 0 0 0 0 0 0 0 0 0 0 0 14 0 0 0 0 0 0 0 0 0 0 0 0 0 0 0 0 0 0 0 0 2 0 0 0 0 0 0 0 0 0 0 0 0 0 0 0 0 0 0 0 0 0 12 0 0 0 0 0 0 0 0 0 0 0 0 0 0 0 0 0 0 0 0 2 0 0 0 0 0 0 0 0 0 0 0 0 0 0 0 0 0 0 0 0 8 0 0 0 0 0 0 0 0 0 0 0 0 0 0 0 0 0 0 0 0 0 0 0 0 0 0 0 0 0 0 0 0 0 0 0 0 0 0 0 0 0 0 2 0 0 0 0 0 0 0 0 0 0 0 0 0 0 0 0 0 0 0 0 27 0 0 0 0 0 0 13 0 0 7 0 0 3 0 0 0 0 0 0 0 224 0 0 0 0 0 0 0 0 19 0 51 0 0 118 0 0 26 0 0 0 166 0 0 2 0 60 0 130 0 11 0 85 0 130 94 103 18 4 0 0 0 0 0 
0 0 0 114 109 67 30 75 47 68 8 10 2 31 4 0 4 8 0 0 35 0 0 2 10 0 0 6 0 2 4 0 0 6 6 0 0 0 0 0 0 28 0 0 0 0 0 0 0 0 0 0 0 0 0 0 0 0 0 0 0 0 0 0 0 0 0 0 0 0 0 0 0 0 0 0 0 0 0 0 0 0 0 0 4 0 0 0 0 0 0 0 0 0 0 0 0 0 0 0 0 0 0 0 0 6 0 0 0 0 0 0 0 0 0 0 0 0 0 0 0 0 0 0 0 0 5 0 0 0 0 0 0 0 0 0 0 0 0 0 0 0 0 0 0 0 0 0 0 0 0 0 0 0 0 0 0 0 0 0 0 0 0 0 0 0 0 0 0 2 0 0 0 0 0 0 0 0 0 0 0 0 0 0 0 0 0 0 0 0 12 0 0 0 0 0 0 19 0 0 12 0 0 2 0 0 0 0 0 0 0 245 0 0 0 0 0 0 0 0 22 0 38 0 0 93 0 0 34 0 0 0 177 0 0 8 0 85 0 191 0 31 0 90 0 62 73 91 50 6 0 0 0 0 0 
0 0 2 72 41 32 45 56 62 41 0 16 0 26 0 0 0 0 0 0 3 0 0 0 0 0 0 0 0 0 0 0 0 0 0 0 0 0 0 0 0 20 0 0 0 0 0 0 0 0 0 0 0 0 0 0 0 0 0 0 0 0 0 0 0 0 0 0 0 0 0 0 0 0 0 0 0 0 0 0 0 0 0 0 16 0 0 0 0 0 0 0 0 0 0 0 0 0 0 0 0 0 0 0 0 4 0 0 0 0 0 0 0 0 0 0 0 0 0 0 0 0 0 0 0 0 3 0 0 0 0 0 0 0 0 0 0 0 0 0 0 0 0 0 0 0 0 0 0 0 0 0 0 0 0 0 0 0 0 0 0 0 0 0 0 0 0 0 0 5 0 0 0 0 0 0 0 0 0 0 0 0 0 0 0 0 0 0 0 0 5 0 0 0 0 0 0 21 0 0 12 0 0 4 0 0 0 0 0 0 0 266 0 0 0 0 0 0 0 0 10 0 81 0 0 51 0 0 83 0 0 0 148 0 0 0 0 120 0 103 0 24 0 73 0 106 62 76 38 6 0 0 0 0 0 
0 0 2 94 43 36 62 44 30 35 0 49 0 40 2 0 2 4 0 0 4 0 0 0 0 0 0 0 0 0 4 0 0 0 0 0 0 0 0 0 0 37 0 0 0 0 0 0 0 0 0 0 0 0 0 0 0 0 0 0 0 0 0 0 0 0 0 0 0 0 0 0 0 0 0 0 0 0 0 0 0 0 0 0 8 0 0 0 0 0 0 0 0 0 0 0 0 0 0 0 0 0 0 0 0 6 0 0 0 0 0 0 0 0 0 0 0 0 0 0 0 0 0 0 0 0 5 0 0 0 0 0 0 0 0 0 0 0 0 0 0 0 0 0 0 0 0 0 0 0 0 0 0 0 0 0 0 0 0 0 0 0 0 0 0 0 0 0 0 6 0 0 0 0 0 0 0 0 0 0 0 0 0 0 0 0 0 0 0 0 26 0 0 0 0 0 0 44 0 0 25 0 0 0 0 0 0 0 0 0 0 231 0 0 0 0 0 0 0 0 16 0 33 0 0 81 0 0 36 0 0 0 155 0 0 4 0 146 0 100 0 16 0 100 0 111 68 55 20 0 0 0 0 0 0 
0 0 0 95 61 69 30 47 0 49 2 21 0 27 0 0 0 0 0 0 12 0 0 0 0 0 0 0 0 0 0 0 0 0 0 0 0 0 0 0 0 26 0 0 0 0 0 0 0 0 0 0 0 0 0 0 0 0 0 0 0 0 8 0 0 0 0 0 0 0 0 0 0 0 0 0 0 0 0 0 0 0 0 0 6 0 0 0 0 0 0 0 0 0 0 0 0 0 0 0 0 0 0 0 0 0 0 0 0 0 0 0 0 0 0 0 0 0 0 0 0 0 0 0 0 0 15 0 0 0 0 0 0 0 0 0 0 0 0 0 0 0 0 0 0 0 0 0 0 0 0 0 0 0 0 0 0 0 0 0 0 0 0 0 0 0 0 0 0 10 0 0 0 0 0 0 0 0 0 0 0 0 0 0 0 0 0 0 0 0 12 0 0 0 0 0 0 14 0 0 20 0 0 0 0 0 0 0 0 0 0 241 0 0 0 0 0 0 0 0 26 0 38 0 0 76 0 0 59 0 0 0 201 0 0 0 0 57 0 75 0 13 0 107 0 116 124 116 10 0 0 0 0 0 0 
0 0 0 107 58 105 45 38 27 66 0 17 0 28 14 0 0 6 0 0 39 0 2 2 8 0 0 16 0 0 0 0 0 2 0 0 0 0 0 0 0 23 0 0 0 0 0 0 0 0 0 0 0 0 0 0 0 0 0 0 0 0 2 0 0 0 0 0 0 0 0 0 0 0 0 0 0 0 0 0 0 0 0 0 18 0 0 0 0 0 0 0 0 0 0 0 0 0 0 0 0 0 0 0 0 0 0 0 0 0 0 0 0 0 0 0 0 0 0 0 0 0 0 0 0 0 2 0 0 0 0 0 0 0 0 0 0 0 0 0 0 0 0 0 0 0 0 6 0 0 0 0 0 0 0 0 0 0 0 0 0 0 0 0 0 0 0 0 0 13 0 0 0 0 0 0 0 0 0 0 0 0 0 0 0 0 0 0 0 0 22 0 0 0 0 0 0 39 0 0 16 0 0 0 0 0 0 0 0 0 0 275 0 0 0 0 0 0 0 0 14 0 66 0 0 79 0 0 59 0 0 0 153 0 0 0 0 79 0 184 0 12 0 169 0 99 78 138 21 0 0 0 0 0 0 
0 0 0 108 86 103 49 89 24 22 0 3 0 31 0 0 11 4 0 0 15 0 0 0 0 0 0 3 0 0 4 0 0 0 0 0 0 0 0 0 0 22 0 0 0 0 0 0 0 0 0 0 0 0 0 0 0 0 0 0 0 0 2 0 0 0 0 0 0 0 0 0 0 0 0 0 0 0 0 0 0 0 0 0 14 0 0 0 0 0 0 0 0 0 0 0 0 0 0 0 0 0 0 0 0 3 0 0 0 0 0 0 0 0 0 0 0 0 0 0 0 0 0 0 0 0 2 0 0 0 0 0 0 0 0 0 0 0 0 0 0 0 0 0 0 0 0 0 0 0 0 0 0 0 0 0 0 0 0 0 0 0 0 0 0 0 0 0 0 40 0 0 0 0 0 0 0 0 0 0 0 0 0 0 0 0 0 0 0 0 37 0 0 0 0 0 0 21 0 0 8 0 0 4 0 0 0 0 0 0 0 339 0 0 0 0 0 0 0 0 4 0 52 0 0 79 0 0 16 0 0 0 262 0 0 7 0 73 0 157 0 14 0 102 0 120 108 96 21 2 0 0 0 0 0 
0 0 4 153 139 101 63 72 56 59 32 24 0 27 0 0 12 4 0 0 19 0 0 0 2 0 0 9 0 0 2 0 0 2 0 0 0 0 0 0 0 17 0 0 0 0 0 0 0 0 0 0 0 0 0 0 0 0 0 0 0 0 8 0 0 0 0 0 0 2 0 0 0 0 0 0 0 0 0 0 0 0 0 0 22 0 0 0 0 0 0 0 0 0 0 0 0 0 0 0 0 0 0 0 0 2 0 0 0 0 0 0 0 0 0 0 0 0 0 0 0 0 0 0 0 0 2 0 0 0 0 0 0 0 0 0 0 0 0 0 0 0 0 0 0 0 0 0 0 0 0 0 0 0 0 0 0 0 0 0 0 0 0 0 0 0 0 0 0 9 0 0 0 0 0 0 0 0 0 0 0 0 0 0 0 0 0 0 0 0 20 0 0 0 0 0 0 34 0 0 2 0 0 2 0 0 0 0 0 0 0 246 0 0 0 0 0 0 0 0 4 0 41 0 0 111 0 0 8 0 0 0 195 0 0 0 0 63 0 109 0 28 0 81 0 127 72 6 2 0 0 0 0 0 0 
0 0 4 131 113 134 58 43 40 48 37 12 0 22 12 0 8 4 0 0 18 0 0 0 0 0 0 2 0 0 2 0 0 0 0 0 0 0 0 0 0 16 0 0 0 0 0 0 0 0 0 0 0 0 0 0 0 0 0 0 0 0 1 0 0 0 0 0 0 0 0 0 0 0 0 0 0 0 0 0 0 0 0 0 7 0 0 0 0 0 0 0 0 0 0 0 0 0 0 0 0 0 0 0 0 0 0 0 0 0 0 0 0 0 0 0 0 0 0 0 0 0 0 0 0 0 0 0 0 0 0 0 0 0 0 0 0 0 0 0 0 0 0 0 0 0 0 0 0 0 0 0 0 0 0 0 0 0 0 0 0 0 0 0 0 0 0 0 0 10 0 0 0 0 0 0 0 0 0 0 0 0 0 0 0 0 0 0 0 0 16 0 0 0 0 0 0 13 0 0 6 0 0 0 0 0 0 0 0 0 0 218 0 0 0 0 0 0 0 0 3 0 29 0 0 84 0 0 5 0 0 0 179 0 0 0 0 38 0 134 0 0 0 123 0 122 62 55 25 5 0 0 0 0 0 
0 0 0 171 106 92 45 41 68 65 29 31 0 12 17 0 8 2 0 0 22 0 0 0 0 0 0 4 0 0 0 0 0 0 0 0 0 0 0 0 0 20 0 0 0 0 0 0 0 0 0 0 0 0 0 0 0 0 0 0 0 0 0 0 0 0 0 0 0 0 0 0 0 0 0 0 0 0 0 0 0 0 0 0 3 0 0 0 0 0 0 0 0 0 0 0 0 0 0 0 0 0 0 0 0 0 0 0 0 0 0 0 0 0 0 0 0 0 0 0 0 0 0 0 0 0 0 0 0 0 0 0 0 0 0 0 0 0 0 0 0 0 0 0 0 0 0 0 0 0 0 0 0 0 0 0 0 0 0 0 0 0 0 0 0 0 0 0 0 8 0 0 0 0 0 0 0 0 0 0 0 0 0 0 0 0 0 0 0 0 26 0 0 0 0 0 0 12 0 0 4 0 0 4 0 0 0 0 0 0 0 304 0 0 0 0 0 0 0 0 15 0 75 0 0 71 0 0 12 0 0 0 148 0 0 2 0 35 0 107 0 22 0 118 0 118 70 69 19 8 0 0 0 0 0 
0 0 0 133 92 118 78 94 62 55 14 31 0 29 13 4 5 6 0 0 10 0 0 0 4 0 0 4 0 0 0 0 0 0 0 0 0 0 0 0 0 12 0 0 0 0 0 0 0 0 0 0 0 0 0 0 0 0 0 0 0 0 0 0 0 0 0 0 0 0 0 0 0 0 0 0 0 0 0 0 0 0 0 0 4 0 0 0 0 0 0 0 0 0 0 0 0 0 0 0 0 0 0 0 0 0 0 0 0 0 0 0 0 0 0 0 0 0 0 0 0 0 0 0 0 0 2 0 0 0 0 0 0 0 0 0 0 0 0 0 0 0 0 0 0 0 0 0 0 0 0 0 0 0 0 0 0 0 0 0 0 0 0 0 0 0 0 0 0 14 0 0 0 0 0 0 0 0 0 0 0 0 0 0 0 0 0 0 0 0 19 0 0 0 0 0 0 15 0 0 4 0 0 0 0 0 0 0 0 0 0 229 0 0 0 0 0 0 0 0 3 0 38 0 0 53 0 0 24 0 0 0 158 0 0 3 0 64 0 116 0 14 0 39 0 96 80 78 20 0 0 0 0 0 0 
0 0 2 123 36 57 64 80 74 45 29 36 0 15 19 4 1 10 0 0 8 0 0 0 0 0 0 4 0 0 0 0 0 0 0 0 0 0 0 0 0 0 0 0 0 0 0 0 0 0 0 0 0 0 0 0 0 0 0 0 0 0 0 0 0 0 0 0 0 0 0 0 0 0 0 0 0 0 0 0 0 0 0 0 4 0 0 0 0 0 0 0 0 0 0 0 0 0 0 0 0 0 0 0 0 0 0 0 0 0 0 0 0 0 0 0 0 0 0 0 0 0 0 0 0 0 0 0 0 0 0 0 0 0 0 0 0 0 0 0 0 0 0 0 0 0 0 0 0 0 0 0 0 0 0 0 0 0 0 0 0 0 0 0 0 0 0 0 0 0 0 0 0 0 0 0 0 0 0 0 0 0 0 0 0 0 0 0 0 0 24 0 0 0 0 0 0 10 0 0 2 0 0 5 0 0 0 0 0 0 0 165 0 0 0 0 0 0 0 0 0 0 28 0 0 31 0 0 22 0 0 0 136 0 0 1 0 28 0 87 0 10 0 49 0 73 68 30 7 0 0 0 0 0 0 
0 0 2 87 57 65 90 50 95 71 14 58 4 15 13 0 4 4 0 0 7 0 0 0 0 4 0 0 0 0 0 0 0 0 0 0 0 0 0 0 0 6 0 0 0 0 0 0 0 0 0 0 0 0 0 0 0 0 0 0 0 0 6 0 0 0 0 0 0 2 0 0 0 0 0 0 0 0 0 0 0 0 0 0 1 0 0 0 0 0 0 0 0 0 0 0 0 0 0 0 0 0 0 0 0 7 0 0 0 0 0 0 0 0 0 0 0 0 0 0 0 0 0 0 0 0 6 0 0 0 0 0 0 0 0 0 0 0 0 0 0 0 0 0 0 0 0 0 0 0 0 0 0 0 0 0 0 0 0 0 0 0 0 0 0 0 0 0 0 18 0 0 0 0 0 0 0 0 0 0 0 0 0 0 0 0 0 0 0 0 6 0 0 0 0 0 0 20 0 0 8 0 0 9 0 0 0 0 0 0 0 178 0 0 0 0 0 0 0 0 0 0 30 0 0 58 0 0 12 0 0 0 66 0 0 0 0 34 0 75 0 7 0 65 0 50 61 40 34 0 0 0 0 0 0 
0 0 0 116 101 39 96 67 50 68 14 44 0 39 7 0 22 4 0 0 36 0 0 4 2 0 0 18 0 4 2 0 0 4 0 0 0 0 0 0 0 46 0 0 0 0 0 0 0 0 0 0 0 0 0 2 0 0 0 0 0 0 4 0 0 0 0 0 0 0 0 0 0 0 0 0 0 0 0 0 0 0 0 0 10 0 0 0 0 0 0 0 0 0 0 0 0 0 0 0 0 0 0 0 0 4 0 0 0 0 0 0 0 0 0 0 0 0 0 0 0 0 0 0 0 0 4 0 0 0 0 0 0 0 0 0 0 0 0 0 0 0 0 0 0 0 0 0 0 0 0 0 0 0 0 0 0 0 0 0 0 0 0 0 0 0 0 0 0 16 0 0 0 0 0 0 0 0 0 0 0 0 0 0 0 0 0 0 0 0 14 0 0 0 0 0 0 25 0 0 0 0 0 0 0 0 0 0 0 0 0 267 0 0 0 0 0 0 0 0 5 0 28 0 0 92 0 0 9 0 0 0 73 0 0 4 0 70 0 91 0 47 0 108 0 40 52 69 34 6 0 0 0 0 0 
0 0 0 78 121 44 64 60 33 30 18 16 0 28 6 2 12 2 0 0 11 0 0 2 0 0 0 2 0 0 0 0 0 0 0 0 0 0 0 0 0 14 0 0 0 0 0 0 0 0 0 0 0 0 0 0 0 0 0 0 0 0 0 0 0 0 0 0 0 0 0 0 0 0 0 0 0 0 0 0 0 0 0 0 18 0 0 0 0 0 0 0 0 0 0 0 0 0 0 0 0 0 0 0 0 0 0 0 0 0 0 0 0 0 0 0 0 0 0 0 0 0 0 0 0 0 6 0 0 0 0 0 0 0 0 0 0 0 0 0 0 0 0 0 0 0 0 0 0 0 0 0 0 0 0 0 0 0 0 0 0 0 0 0 0 0 0 0 0 6 0 0 0 0 0 0 0 0 0 0 0 0 0 0 0 0 0 0 0 0 6 0 0 0 0 0 0 32 0 0 12 0 0 2 0 0 0 0 0 0 0 192 0 0 0 0 0 0 0 0 0 0 41 0 0 83 0 0 21 0 0 0 127 0 0 4 0 42 0 90 0 32 0 89 0 57 75 40 43 2 0 0 0 0 0 
0 0 2 122 44 60 75 141 93 68 22 36 0 42 15 0 13 12 2 0 9 0 0 0 2 0 0 4 0 0 0 0 0 2 0 0 0 0 0 0 0 7 0 0 0 0 0 0 0 0 0 0 0 0 0 0 0 0 0 0 0 0 4 0 0 0 0 0 0 0 0 0 0 0 0 0 0 0 0 0 0 0 0 0 17 0 0 0 0 0 0 0 0 0 0 0 0 0 0 0 0 0 0 0 0 3 0 0 0 0 0 0 0 0 0 0 0 0 0 0 0 0 0 0 0 0 4 0 0 0 0 0 0 0 0 0 0 0 0 0 0 0 0 0 0 0 0 0 0 0 0 0 0 0 0 0 0 0 0 0 0 0 0 0 0 0 0 0 0 8 0 0 0 0 0 0 0 0 0 0 0 0 0 0 0 0 0 0 0 0 26 0 0 0 0 0 0 31 0 0 8 0 0 4 0 0 0 0 0 0 0 204 0 0 0 0 0 0 0 0 8 0 32 0 0 82 0 0 50 0 0 0 129 0 0 2 0 65 0 95 0 17 0 58 0 80 70 85 10 1 0 0 0 0 0 
0 0 8 130 74 50 118 103 69 54 23 54 0 42 2 0 2 0 0 0 9 0 0 0 0 0 0 8 0 4 0 0 0 0 4 0 0 0 0 0 0 20 0 0 0 0 0 0 0 0 0 0 0 0 0 0 0 0 0 0 0 0 0 0 0 0 0 0 0 0 0 0 0 0 0 0 0 0 0 0 0 0 0 0 8 0 0 0 0 0 0 0 0 0 0 0 0 0 0 0 0 0 0 0 0 0 0 0 0 0 0 0 0 0 0 0 0 0 0 0 0 0 0 0 0 0 12 0 0 0 0 0 0 0 0 0 0 0 0 0 0 0 0 0 0 0 0 0 0 0 0 0 0 0 0 0 0 0 0 0 0 0 0 0 0 0 0 0 0 14 0 0 0 0 0 0 0 0 0 0 0 0 0 0 0 0 0 0 0 0 15 0 0 0 0 0 0 2 0 0 13 0 0 2 0 0 0 0 0 0 0 230 0 0 0 0 0 0 0 0 2 0 21 0 0 83 0 0 28 0 0 0 151 0 0 0 0 74 0 74 0 4 0 100 0 64 125 78 14 0 0 0 0 0 0 
0 0 2 153 132 94 102 140 74 55 25 35 0 26 0 0 4 0 0 0 12 0 0 0 0 0 0 8 0 0 0 0 0 0 0 0 0 0 0 0 0 12 0 0 0 0 0 0 0 0 0 0 0 0 0 0 0 0 0 0 0 0 0 0 0 0 0 0 0 0 0 0 0 0 0 0 0 0 0 0 0 0 0 0 0 0 0 0 0 0 0 0 0 0 0 0 0 0 0 0 0 0 0 0 0 4 0 0 0 0 0 0 0 0 0 0 0 0 0 0 0 0 0 0 0 0 0 0 0 0 0 0 0 0 0 0 0 0 0 0 0 0 0 0 0 0 0 0 0 0 0 0 0 0 0 0 0 0 0 0 0 0 0 0 0 0 0 0 0 4 0 0 0 0 0 0 0 0 0 0 0 0 0 0 0 0 0 0 0 0 23 0 0 0 0 0 0 4 0 0 2 0 0 0 0 0 0 0 0 0 0 277 0 0 0 0 0 0 0 0 0 0 30 0 0 81 0 0 42 0 0 0 128 0 0 4 0 60 0 65 0 20 0 125 0 36 49 71 14 0 0 0 0 0 0 
